3 0.773667 0.465500 0.014000 0.021000
3 0.747000 0.890500 0.020667 0.021000
3 0.760333 0.788000 0.014000 0.026000
3 0.952000 0.685500 0.010667 0.031000
3 0.965333 0.648000 0.010667 0.026000
3 0.978667 0.833000 0.017333 0.026000
3 0.840333 0.868000 0.020667 0.036000
1 0.807000 0.863000 0.060667 0.276000
1 0.852000 0.603000 0.057333 0.276000
1 0.897000 0.345500 0.060667 0.261000
1 0.957000 0.113000 0.080667 0.226000
3 0.800333 0.268000 0.014000 0.016000
3 0.785333 0.403000 0.010667 0.026000
2 0.523667 0.674000 0.027333 0.028000