3 0.832000 0.303000 0.024000 0.026000
3 0.870333 0.308000 0.020667 0.026000
3 0.903667 0.320500 0.027333 0.031000
3 0.988667 0.775500 0.017333 0.031000
3 0.350333 0.473000 0.020667 0.026000
3 0.612000 0.605500 0.010667 0.021000
3 0.207000 0.190500 0.020667 0.021000
3 0.267000 0.215500 0.014000 0.021000
3 0.523667 0.253000 0.014000 0.026000
3 0.547000 0.255500 0.014000 0.021000
3 0.568667 0.265500 0.017333 0.021000
3 0.708667 0.265500 0.017333 0.031000
1 0.088667 0.203000 0.177333 0.046000
1 0.272000 0.248000 0.197333 0.076000
1 0.458667 0.280500 0.190667 0.061000
1 0.670333 0.305500 0.234000 0.051000
1 0.892000 0.353000 0.204000 0.106000