2 0.280333 0.088000 0.034000 0.176000
2 0.352000 0.120500 0.110667 0.111000
2 0.358667 0.300500 0.030667 0.051000
2 0.333667 0.300500 0.127333 0.221000
2 0.292000 0.350500 0.044000 0.051000
2 0.263667 0.270500 0.060667 0.281000
2 0.328667 0.503000 0.057333 0.036000
2 0.262000 0.560500 0.030667 0.061000
2 0.303667 0.515500 0.127333 0.221000
2 0.245333 0.473000 0.064000 0.266000
2 0.253667 0.748000 0.047333 0.076000
2 0.283667 0.713000 0.127333 0.216000
2 0.222000 0.688000 0.050667 0.266000
2 0.203667 0.873000 0.047333 0.246000
2 0.245333 0.928000 0.104000 0.136000
2 0.330333 0.868000 0.034000 0.036000