2 0.263667 0.150500 0.080667 0.291000
2 0.177000 0.418000 0.094000 0.246000
2 0.065333 0.630500 0.130667 0.181000
3 0.520333 0.088000 0.014000 0.026000
3 0.607000 0.050500 0.014000 0.021000
3 0.500333 0.275500 0.014000 0.031000
3 0.587000 0.215500 0.014000 0.021000
3 0.512000 0.210500 0.017333 0.031000
3 0.557000 0.170500 0.014000 0.021000
3 0.563667 0.238000 0.020667 0.036000
3 0.565333 0.270500 0.017333 0.031000
3 0.578667 0.248000 0.010667 0.016000
3 0.475333 0.210500 0.010667 0.021000
3 0.582000 0.508000 0.010667 0.026000
3 0.415333 0.838000 0.010667 0.026000
3 0.535333 0.235500 0.144000 0.171000
2 0.533667 0.725500 0.027333 0.041000