2 0.080333 0.230500 0.160667 0.051000
2 0.122000 0.395500 0.090667 0.281000
2 0.208667 0.348000 0.084000 0.196000
2 0.258667 0.225500 0.184000 0.061000
2 0.313667 0.388000 0.087333 0.266000
2 0.400333 0.460500 0.100667 0.441000
2 0.455333 0.220500 0.197333 0.071000
2 0.583667 0.490500 0.127333 0.491000
2 0.660333 0.230500 0.194000 0.071000
2 0.708667 0.438000 0.090667 0.356000
2 0.793667 0.343000 0.067333 0.156000
2 0.857000 0.235500 0.174000 0.061000
2 0.957000 0.440500 0.087333 0.421000
2 0.500333 0.453000 1.000667 0.526000