3 0.092000 0.750500 0.017333 0.031000
3 0.008667 0.818000 0.010667 0.026000
3 0.167000 0.685500 0.020667 0.031000
3 0.250333 0.623000 0.014000 0.026000
3 0.287000 0.593000 0.020667 0.036000
3 0.322000 0.570500 0.017333 0.031000
3 0.430333 0.480500 0.014000 0.021000
3 0.225333 0.700500 0.010667 0.021000
1 0.123667 0.783000 0.247333 0.216000
1 0.358667 0.583000 0.230667 0.196000
1 0.572000 0.408000 0.197333 0.166000
1 0.753667 0.290500 0.174000 0.071000
4 0.845333 0.415500 0.024000 0.321000
4 0.810333 0.195500 0.094000 0.181000